60,	3600,	5,	18000,	16,	1000,	3,	11,	11.1402,	11.1042,	11.0997,	11.1347,	44.4787


20,	400,	5,	2000,	16,	1000,	3,	11,	1.22872,	1.21944,	1.21983,	1.21687,	4.88486


40,	1600,	5,	8000,	16,	1000,	3,	11,	4.94728,	4.91121,	4.91528,	4.93032,	19.7041


60,	3600,	5,	18000,	16,	1000,	3,	11,	11.1154,	11.104,	11.1102,	11.1491,	44.4787


20,	400,	5,	2000,	16,	1000,	3,	11,	1.22739,	1.21875,	1.21282,	1.2223,	4.88126
40,	1600,	5,	8000,	16,	1000,	3,	11,	4.92158,	4.91015,	4.90338,	4.92851,	19.6636
60,	3600,	5,	18000,	16,	1000,	3,	11,	11.1175,	11.0997,	11.1034,	11.1713,	44.492
 
20,	400,	5,	2000,	16,	1000,	3,	11,	1.22519,	1.2163,	1.21782,	1.22226,	4.88158
40,	1600,	5,	8000,	16,	1000,	3,	11,	4.92407,	4.90968,	4.9126,	4.92574,	19.6721

20,	400,	5,	2000,	16,	1000,	3,	11,	1.22823,	1.21645,	1.21569,	1.21837,	4.87874
40,	1600,	5,	8000,	16,	1000,	3,	11,	4.93516,	4.91055,	4.92948,	4.93259,	19.7078

